0 0.251562
1 0.204688
2 0.107812
3 0.235937
4 0.007813
5 0.135937
6 0.101563
7 0.045312
8 0.010937
9 0.117188
10 0.120312
11 0.026562
12 0.020313
13 0.126563
14 0.110937
15 0.017187
16 0.004687
17 0.001562
18 0.001563
19 0.004687
20 0.001563
21 0.004688
22 0.004688
23 0.001562
24 0.004687
25 0.001562
26 0.001563
27 0.004687
28 0.001563
29 0.004688
30 0.004688
31 0.001562
32 0.004688
33 0.001563
34 0.001563
35 0.004688
36 0.001563
37 0.004688
38 0.004687
39 0.001563
40 0.004687
41 0.001562
42 0.001563
43 0.004687
44 0.001563
45 0.004688
46 0.004687
47 0.001562
48 0.001562
49 0.004688
50 0.004688
51 0.001563
52 0.004688
53 0.001562
54 0.001563
55 0.004688
56 0.001562
57 0.004688
58 0.004688
59 0.001563
60 0.004688
61 0.001562
62 0.001563
63 0.004688
